aramk.txt
1|0|2|1|5|u|0|_|a|2|1|5aram
1|0|1|9|4|u|0|_|a|1|9|4ahamd
1|0|3|2|0|u|0|_|a|3|2|0tanea
1|0|2|4|2|u|0|_|a|2|4|2تێست
1|0|3|6|6|u|0|_|a|3|6|6
1|0|2|6|5|u|0|_|a|2|6|5
1|0|2|5|4|u|0|_|a|2|5|4
1|1|6|1|6|u|0|_|a|1|6|1|6
1|0|4|9|7|u|0|_|a|4|9|7
1|0|9|1|9|u|0|_|a|9|1|9
1|0|2|2|2|u|0|_|a|2|2|2
1|0|9|0|7|u|0|_|a|9|0|7
1|0|3|3|4|u|0|_|a|3|3|4
1|0|2|7|2|u|0|_|a|2|7|2
1|0|3|9|6|u|0|_|a|3|9|6
1|0|2|9|9|u|0|_|a|2|9|9
1|0|2|7|2|u|0|_|a|2|7|2
1|0|2|7|1|u|0|_|a|2|7|1
1|0|3|5|9|u|0|_|a|3|5|9
1|1|1|4|9|u|0|_|a|1|1|4|9
1|0|2|0|8|u|0|_|a|2|0|8
1|0|5|4|5|u|0|_|a|5|4|5
1|0|2|9|5|u|0|_|a|2|9|5
1|0|5|7|7|u|0|_|a|5|7|7
1|1|0|5|3|u|0|_|a|1|0|5|3
1|0|1|1|0|u|0|_|a|1|1|0
